<?xml version="1.0"?>
<!-- DTD for the XMLBIF 0.3 format -->
<!DOCTYPE BIF [
	<!ELEMENT BIF ( NETWORK )*>
	      <!ATTLIST BIF VERSION CDATA #REQUIRED>
	<!ELEMENT NETWORK ( NAME, ( PROPERTY | VARIABLE | DEFINITION )* )>
	<!ELEMENT NAME (#PCDATA)>
	<!ELEMENT VARIABLE ( NAME, ( OUTCOME |  PROPERTY )* ) >
	      <!ATTLIST VARIABLE TYPE (nature|decision|utility) "nature">
	<!ELEMENT OUTCOME (#PCDATA)>
	<!ELEMENT DEFINITION ( FOR | GIVEN | TABLE | PROPERTY )* >
	<!ELEMENT FOR (#PCDATA)>
	<!ELEMENT GIVEN (#PCDATA)>
	<!ELEMENT TABLE (#PCDATA)>
	<!ELEMENT PROPERTY (#PCDATA)>
]>


<BIF VERSION="0.3">
<NETWORK>
<NAME>&apos;processed4clustering (1)-weka.filters.unsupervised.attribute.NumericToNominal-Rfirst-last-weka.filters.unsupervised.attribute.RenameNominalValues-RIsCanceled, IsRepeatedGuest, WasInWaitingList-N0:False, 1:True-weka.filters.unsupervised.attribute.ReplaceMissingValues&apos;</NAME>
<VARIABLE TYPE="nature">
	<NAME>IsCanceled</NAME>
	<OUTCOME>False</OUTCOME>
	<OUTCOME>True</OUTCOME>
	<PROPERTY>position = (876,192)</PROPERTY>
</VARIABLE>
<VARIABLE TYPE="nature">
	<NAME>Meal</NAME>
	<OUTCOME>&apos;BB       &apos;</OUTCOME>
	<OUTCOME>&apos;FB       &apos;</OUTCOME>
	<OUTCOME>&apos;HB       &apos;</OUTCOME>
	<OUTCOME>&apos;SC       &apos;</OUTCOME>
	<OUTCOME>Undefined</OUTCOME>
	<PROPERTY>position = (438,480)</PROPERTY>
</VARIABLE>
<VARIABLE TYPE="nature">
	<NAME>DistributionChannel</NAME>
	<OUTCOME>Direct</OUTCOME>
	<OUTCOME>Corporate</OUTCOME>
	<OUTCOME>TA/TO</OUTCOME>
	<OUTCOME>Undefined</OUTCOME>
	<PROPERTY>position = (584,288)</PROPERTY>
</VARIABLE>
<VARIABLE TYPE="nature">
	<NAME>IsRepeatedGuest</NAME>
	<OUTCOME>False</OUTCOME>
	<OUTCOME>True</OUTCOME>
	<PROPERTY>position = (730,480)</PROPERTY>
</VARIABLE>
<VARIABLE TYPE="nature">
	<NAME>DepositType</NAME>
	<OUTCOME>&apos;No Deposit     &apos;</OUTCOME>
	<OUTCOME>&apos;Refundable     &apos;</OUTCOME>
	<OUTCOME>&apos;Non Refund     &apos;</OUTCOME>
	<PROPERTY>position = (584,96)</PROPERTY>
</VARIABLE>
<VARIABLE TYPE="nature">
	<NAME>CustomerType</NAME>
	<OUTCOME>Transient</OUTCOME>
	<OUTCOME>Contract</OUTCOME>
	<OUTCOME>Transient-Party</OUTCOME>
	<OUTCOME>Group</OUTCOME>
	<PROPERTY>position = (730,576)</PROPERTY>
</VARIABLE>
<VARIABLE TYPE="nature">
	<NAME>TotalOfSpecialRequests</NAME>
	<OUTCOME>0</OUTCOME>
	<OUTCOME>1</OUTCOME>
	<OUTCOME>2</OUTCOME>
	<OUTCOME>3</OUTCOME>
	<OUTCOME>4</OUTCOME>
	<OUTCOME>5</OUTCOME>
	<PROPERTY>position = (730,0)</PROPERTY>
</VARIABLE>
<VARIABLE TYPE="nature">
	<NAME>WasInWaitingList</NAME>
	<OUTCOME>False</OUTCOME>
	<OUTCOME>True</OUTCOME>
	<PROPERTY>position = (876,768)</PROPERTY>
</VARIABLE>
<VARIABLE TYPE="nature">
	<NAME>Season</NAME>
	<OUTCOME>summer</OUTCOME>
	<OUTCOME>autumn</OUTCOME>
	<OUTCOME>winter</OUTCOME>
	<OUTCOME>spring</OUTCOME>
	<PROPERTY>position = (1168,768)</PROPERTY>
</VARIABLE>
<VARIABLE TYPE="nature">
	<NAME>ADR</NAME>
	<OUTCOME>&apos;(-0.346, 115.21]&apos;</OUTCOME>
	<OUTCOME>&apos;(115.21, 230.42]&apos;</OUTCOME>
	<OUTCOME>&apos;(230.42, 345.63]&apos;</OUTCOME>
	<PROPERTY>position = (730,864)</PROPERTY>
</VARIABLE>
<VARIABLE TYPE="nature">
	<NAME>LeadTime</NAME>
	<OUTCOME>&apos;(180.0, 365.0]&apos;</OUTCOME>
	<OUTCOME>&apos;(365.0, 737.0]&apos;</OUTCOME>
	<OUTCOME>&apos;(-0.001, 7.0]&apos;</OUTCOME>
	<OUTCOME>&apos;(7.0, 30.0]&apos;</OUTCOME>
	<OUTCOME>&apos;(30.0, 90.0]&apos;</OUTCOME>
	<OUTCOME>&apos;(90.0, 180.0]&apos;</OUTCOME>
	<PROPERTY>position = (1168,384)</PROPERTY>
</VARIABLE>
<VARIABLE TYPE="nature">
	<NAME>BookingChanges</NAME>
	<OUTCOME>&apos;(-0.001, 5.0]&apos;</OUTCOME>
	<OUTCOME>&apos;(10.0, 17.0]&apos;</OUTCOME>
	<OUTCOME>&apos;(5.0, 10.0]&apos;</OUTCOME>
	<PROPERTY>position = (584,672)</PROPERTY>
</VARIABLE>
<VARIABLE TYPE="nature">
	<NAME>Adults</NAME>
	<OUTCOME>&apos;(1.0, 55.0]&apos;</OUTCOME>
	<OUTCOME>&apos;(-0.001, 1.0]&apos;</OUTCOME>
	<PROPERTY>position = (730,960)</PROPERTY>
</VARIABLE>
<VARIABLE TYPE="nature">
	<NAME>CancelRate</NAME>
	<OUTCOME>&apos;(-0.001, 0.5]&apos;</OUTCOME>
	<OUTCOME>&apos;(0.5, 1.0]&apos;</OUTCOME>
	<PROPERTY>position = (1460,864)</PROPERTY>
</VARIABLE>
<VARIABLE TYPE="nature">
	<NAME>Minors</NAME>
	<OUTCOME>&apos;(-0.001, 2.0]&apos;</OUTCOME>
	<OUTCOME>&apos;(2.0, 10.0]&apos;</OUTCOME>
	<PROPERTY>position = (292,960)</PROPERTY>
</VARIABLE>
<VARIABLE TYPE="nature">
	<NAME>Staying</NAME>
	<OUTCOME>&apos;(-0.001, 3.0]&apos;</OUTCOME>
	<OUTCOME>&apos;(3.0, 7.0]&apos;</OUTCOME>
	<OUTCOME>&apos;(7.0, 15.0]&apos;</OUTCOME>
	<OUTCOME>&apos;(15.0, 69.0]&apos;</OUTCOME>
	<PROPERTY>position = (1168,672)</PROPERTY>
</VARIABLE>
<DEFINITION>
<FOR>IsCanceled</FOR>
	<GIVEN>DepositType</GIVEN>
	<GIVEN>TotalOfSpecialRequests</GIVEN>
<TABLE>
0.7292956373385328 0.27070436266146725 
0.7804392063761234 0.21956079362387654 
0.7666252330640149 0.23337476693598508 
0.8172338090010977 0.18276619099890232 
0.8916083916083916 0.10839160839160839 
0.9 0.1 
0.8909774436090225 0.10902255639097744 
0.25 0.75 
0.25 0.75 
0.5 0.5 
0.5 0.5 
0.5 0.5 
0.03875291375291375 0.9612470862470862 
0.7 0.3 
0.5 0.5 
0.5 0.5 
0.5 0.5 
0.5 0.5 
</TABLE>
</DEFINITION>
<DEFINITION>
<FOR>Meal</FOR>
	<GIVEN>LeadTime</GIVEN>
	<GIVEN>DepositType</GIVEN>
	<GIVEN>DistributionChannel</GIVEN>
<TABLE>
0.6589473684210526 0.009122807017543859 0.312280701754386 0.0077192982456140355 0.011929824561403509 
0.800383877159309 0.036468330134357005 0.15930902111324377 0.0019193857965451055 0.0019193857965451055 
0.6053880692751764 0.009621552277100705 0.35805003207184094 0.001924310455420141 0.025016035920461834 
0.2 0.2 0.2 0.2 0.2 
0.8709677419354839 0.03225806451612903 0.03225806451612903 0.03225806451612903 0.03225806451612903 
0.2 0.2 0.2 0.2 0.2 
0.7142857142857143 0.047619047619047616 0.14285714285714285 0.047619047619047616 0.047619047619047616 
0.2 0.2 0.2 0.2 0.2 
0.15555555555555556 0.022222222222222223 0.7777777777777778 0.022222222222222223 0.022222222222222223 
0.2 0.2 0.2 0.2 0.2 
0.31266149870801035 0.1421188630490956 0.3953488372093023 0.002583979328165375 0.14728682170542637 
0.2 0.2 0.2 0.2 0.2 
0.45454545454545453 0.09090909090909091 0.2727272727272727 0.09090909090909091 0.09090909090909091 
0.9703703703703703 0.007407407407407408 0.007407407407407408 0.007407407407407408 0.007407407407407408 
0.6434540389972145 0.002785515320334262 0.33147632311977715 0.019498607242339833 0.002785515320334262 
0.2 0.2 0.2 0.2 0.2 
0.2 0.2 0.2 0.2 0.2 
0.2 0.2 0.2 0.2 0.2 
0.6363636363636364 0.09090909090909091 0.09090909090909091 0.09090909090909091 0.09090909090909091 
0.2 0.2 0.2 0.2 0.2 
0.2 0.2 0.2 0.2 0.2 
0.2 0.2 0.2 0.2 0.2 
0.7647058823529411 0.058823529411764705 0.058823529411764705 0.058823529411764705 0.058823529411764705 
0.2 0.2 0.2 0.2 0.2 
0.9190381981433572 0.0028914929234515295 0.06741744026784356 0.002282757571145944 0.008370111094201795 
0.9485877499206601 0.0072992700729927005 0.037131069501745474 0.004760393525864805 0.002221516978736909 
0.8479916171847712 0.005518686692280824 0.138526021655606 0.001466992665036675 0.006496681802305274 
0.2 0.2 0.2 0.2 0.2 
0.42857142857142855 0.14285714285714285 0.14285714285714285 0.14285714285714285 0.14285714285714285 
0.2 0.2 0.2 0.2 0.2 
0.7647058823529411 0.058823529411764705 0.058823529411764705 0.058823529411764705 0.058823529411764705 
0.2 0.2 0.2 0.2 0.2 
0.8095238095238095 0.047619047619047616 0.047619047619047616 0.047619047619047616 0.047619047619047616 
0.6049382716049383 0.16049382716049382 0.20987654320987653 0.012345679012345678 0.012345679012345678 
0.7683397683397684 0.003861003861003861 0.011583011583011582 0.003861003861003861 0.21235521235521235 
0.2 0.2 0.2 0.2 0.2 
0.7455301455301455 0.01704781704781705 0.19501039501039502 0.005405405405405406 0.03700623700623701 
0.9101123595505618 7.49063670411985E-4 0.021722846441947566 0.012734082397003745 0.05468164794007491 
0.7717676816810973 0.008074715439245064 0.18241074034439148 0.00107014301002043 0.03667671952524565 
0.2 0.2 0.2 0.2 0.2 
0.5555555555555556 0.1111111111111111 0.1111111111111111 0.1111111111111111 0.1111111111111111 
0.2 0.2 0.2 0.2 0.2 
0.9215686274509803 0.0196078431372549 0.0196078431372549 0.0196078431372549 0.0196078431372549 
0.2 0.2 0.2 0.2 0.2 
0.9325842696629213 0.011235955056179775 0.033707865168539325 0.011235955056179775 0.011235955056179775 
0.816793893129771 0.13486005089058525 0.002544529262086514 0.002544529262086514 0.043256997455470736 
0.5091277890466531 0.11561866125760649 0.14807302231237324 0.002028397565922921 0.22515212981744423 
0.2 0.2 0.2 0.2 0.2 
0.5711698659905832 0.030785947120608476 0.2944585295182905 0.00398406374501992 0.099601593625498 
0.9838056680161943 0.001349527665317139 0.009446693657219974 0.004048582995951417 0.001349527665317139 
0.7238166541885035 0.017219865235837285 0.2306796439564096 0.0019133183595374762 0.02637051825971217 
0.2 0.2 0.2 0.2 0.2 
0.2 0.2 0.2 0.2 0.2 
0.2 0.2 0.2 0.2 0.2 
0.5384615384615384 0.07692307692307693 0.23076923076923078 0.07692307692307693 0.07692307692307693 
0.2 0.2 0.2 0.2 0.2 
0.12615384615384614 0.40307692307692305 0.4646153846153846 0.003076923076923077 0.003076923076923077 
0.02857142857142857 0.02857142857142857 0.8857142857142857 0.02857142857142857 0.02857142857142857 
0.3034825870646766 0.20729684908789386 0.3864013266998342 0.001658374792703151 0.1011608623548922 
0.2 0.2 0.2 0.2 0.2 
0.6454885210891618 0.04751735184196476 0.2429257875066738 0.0026695141484249867 0.06139882541377469 
0.8784530386740331 0.0055248618784530384 0.10497237569060773 0.0055248618784530384 0.0055248618784530384 
0.6845479400395965 0.018761195436975582 0.2533232770811728 0.001791269916093146 0.04157631752616197 
0.14285714285714285 0.14285714285714285 0.42857142857142855 0.14285714285714285 0.14285714285714285 
0.9760479041916168 0.005988023952095809 0.005988023952095809 0.005988023952095809 0.005988023952095809 
0.2 0.2 0.2 0.2 0.2 
0.42857142857142855 0.14285714285714285 0.14285714285714285 0.14285714285714285 0.14285714285714285 
0.2 0.2 0.2 0.2 0.2 
0.5384615384615384 0.015384615384615385 0.4153846153846154 0.015384615384615385 0.015384615384615385 
0.7333333333333333 0.06666666666666667 0.06666666666666667 0.06666666666666667 0.06666666666666667 
0.35766423357664234 0.23503649635036497 0.4043795620437956 0.00145985401459854 0.00145985401459854 
0.2 0.2 0.2 0.2 0.2 
</TABLE>
</DEFINITION>
<DEFINITION>
<FOR>DistributionChannel</FOR>
	<GIVEN>TotalOfSpecialRequests</GIVEN>
	<GIVEN>IsCanceled</GIVEN>
	<GIVEN>DepositType</GIVEN>
<TABLE>
0.27237185056472635 0.1508053197888124 0.5767894138875894 3.3415758871883984E-5 
0.7291666666666666 0.004166666666666667 0.2625 0.004166666666666667 
0.08088235294117647 0.21323529411764705 0.6985294117647058 0.007352941176470588 
0.14014401440144014 0.0747974797479748 0.784968496849685 9.000900090009E-5 
0.53125 0.03125 0.40625 0.03125 
0.15475469412477286 0.144457904300424 0.7004845548152635 3.028467595396729E-4 
0.16766239409081035 0.02721051488159896 0.8050727786226374 5.431240495329133E-5 
0.375 0.125 0.375 0.125 
0.1 0.1 0.7 0.1 
0.07159397915862602 0.007912003087610961 0.9203010420686993 1.9297568506368199E-4 
0.16666666666666666 0.05555555555555555 0.7222222222222222 0.05555555555555555 
0.16666666666666666 0.16666666666666666 0.5 0.16666666666666666 
0.16410048622366288 0.014451647757968665 0.821042679632631 4.051863857374392E-4 
0.25 0.25 0.25 0.25 
0.25 0.25 0.25 0.25 
0.0678191489361702 0.011081560283687944 0.9206560283687943 4.432624113475177E-4 
0.16666666666666666 0.16666666666666666 0.5 0.16666666666666666 
0.25 0.25 0.25 0.25 
0.23793565683646112 0.011394101876675604 0.75 6.702412868632708E-4 
0.25 0.25 0.25 0.25 
0.25 0.25 0.25 0.25 
0.0744047619047619 0.020833333333333332 0.9017857142857143 0.002976190476190476 
0.25 0.25 0.25 0.25 
0.25 0.25 0.25 0.25 
0.313953488372093 0.003875968992248062 0.6782945736434108 0.003875968992248062 
0.25 0.25 0.25 0.25 
0.25 0.25 0.25 0.25 
0.5588235294117647 0.029411764705882353 0.38235294117647056 0.029411764705882353 
0.25 0.25 0.25 0.25 
0.25 0.25 0.25 0.25 
0.36666666666666664 0.03333333333333333 0.5666666666666667 0.03333333333333333 
0.25 0.25 0.25 0.25 
0.25 0.25 0.25 0.25 
0.5 0.16666666666666666 0.16666666666666666 0.16666666666666666 
0.25 0.25 0.25 0.25 
0.25 0.25 0.25 0.25 
</TABLE>
</DEFINITION>
<DEFINITION>
<FOR>IsRepeatedGuest</FOR>
	<GIVEN>LeadTime</GIVEN>
	<GIVEN>DistributionChannel</GIVEN>
	<GIVEN>IsCanceled</GIVEN>
<TABLE>
0.9713235294117647 0.028676470588235293 
0.9769230769230769 0.023076923076923078 
0.9893162393162394 0.010683760683760684 
0.9807692307692307 0.019230769230769232 
0.9903732227488151 0.009626777251184835 
0.9965277777777778 0.003472222222222222 
0.5 0.5 
0.5 0.5 
0.875 0.125 
0.5 0.5 
0.9924242424242424 0.007575757575757576 
0.5 0.5 
0.9970588235294118 0.0029411764705882353 
0.9722222222222222 0.027777777777777776 
0.5 0.5 
0.5 0.5 
0.8605104572846508 0.13948954271534916 
0.9714587737843552 0.02854122621564482 
0.698905109489051 0.3010948905109489 
0.8950617283950617 0.10493827160493827 
0.9070074394048476 0.09299256059515239 
0.9857508805635606 0.014249119436439322 
0.5 0.5 
0.5 0.5 
0.9386409736308317 0.06135902636916836 
0.9865384615384616 0.013461538461538462 
0.8211743772241993 0.17882562277580072 
0.9882943143812709 0.011705685618729096 
0.9752747252747253 0.024725274725274724 
0.9992299794661191 7.700205338809035E-4 
0.5 0.5 
0.5 0.5 
0.9663256606990622 0.033674339300937765 
0.9877384196185286 0.01226158038147139 
0.9347826086956522 0.06521739130434782 
0.9941860465116279 0.005813953488372093 
0.9906657669815565 0.009334233018443544 
0.9927691483663631 0.00723085163363685 
0.5 0.5 
0.5 0.5 
0.9529478458049887 0.04705215419501134 
0.990909090909091 0.00909090909090909 
0.9196428571428571 0.08035714285714286 
0.9871794871794872 0.01282051282051282 
0.9920332936979785 0.007966706302021403 
0.9989576094510076 0.0010423905489923557 
0.75 0.25 
0.5 0.5 
</TABLE>
</DEFINITION>
<DEFINITION>
<FOR>DepositType</FOR>
	<GIVEN>TotalOfSpecialRequests</GIVEN>
<TABLE>
0.9173616545556177 0.0059250978200111794 0.07671324762437115 
0.9988143129366928 8.045733643870422E-4 3.8111369892017784E-4 
0.999585792689241 3.1065548306927616E-4 1.0355182768975873E-4 
0.9989029072956664 5.485463521667581E-4 5.485463521667581E-4 
0.9930313588850174 0.003484320557491289 0.003484320557491289 
0.9354838709677419 0.03225806451612903 0.03225806451612903 
</TABLE>
</DEFINITION>
<DEFINITION>
<FOR>CustomerType</FOR>
	<GIVEN>LeadTime</GIVEN>
	<GIVEN>DistributionChannel</GIVEN>
	<GIVEN>Meal</GIVEN>
<TABLE>
0.44455852156057496 0.001026694045174538 0.5431211498973306 0.011293634496919919 
0.5625 0.0625 0.3125 0.0625 
0.4460580912863071 0.002074688796680498 0.549792531120332 0.002074688796680498 
0.21428571428571427 0.07142857142857142 0.6428571428571429 0.07142857142857142 
0.75 0.05 0.15 0.05 
0.030952380952380953 0.002380952380952381 0.9642857142857143 0.002380952380952381 
0.045454545454545456 0.045454545454545456 0.8636363636363636 0.045454545454545456 
0.05813953488372093 0.011627906976744186 0.9186046511627907 0.011627906976744186 
0.25 0.25 0.25 0.25 
0.25 0.25 0.25 0.25 
0.6212932454695222 0.15383031301482702 0.22137561779242174 0.003500823723228995 
0.6742424242424242 0.05303030303030303 0.26515151515151514 0.007575757575757576 
0.39111261872455905 0.15637720488466758 0.4494572591587517 0.0030529172320217096 
0.16666666666666666 0.3888888888888889 0.3888888888888889 0.05555555555555555 
0.39763779527559057 0.027559055118110236 0.562992125984252 0.011811023622047244 
0.25 0.25 0.25 0.25 
0.25 0.25 0.25 0.25 
0.25 0.25 0.25 0.25 
0.25 0.25 0.25 0.25 
0.25 0.25 0.25 0.25 
0.375 0.125 0.375 0.125 
0.25 0.25 0.25 0.25 
0.5 0.16666666666666666 0.16666666666666666 0.16666666666666666 
0.25 0.25 0.25 0.25 
0.25 0.25 0.25 0.25 
0.022388059701492536 0.007462686567164179 0.9626865671641791 0.007462686567164179 
0.25 0.25 0.25 0.25 
0.25 0.25 0.25 0.25 
0.25 0.25 0.25 0.25 
0.25 0.25 0.25 0.25 
0.08333333333333333 0.24206349206349206 0.6706349206349206 0.003968253968253968 
0.25 0.25 0.25 0.25 
0.040983606557377046 0.10655737704918032 0.8442622950819673 0.00819672131147541 
0.1 0.1 0.7 0.1 
0.25 0.25 0.25 0.25 
0.25 0.25 0.25 0.25 
0.25 0.25 0.25 0.25 
0.25 0.25 0.25 0.25 
0.25 0.25 0.25 0.25 
0.25 0.25 0.25 0.25 
0.9252475247524753 1.6501650165016502E-4 0.06518151815181518 0.009405940594059406 
0.8636363636363636 0.045454545454545456 0.045454545454545456 0.045454545454545456 
0.7556053811659192 0.002242152466367713 0.23094170403587444 0.011210762331838564 
0.8333333333333334 0.05555555555555555 0.05555555555555555 0.05555555555555555 
0.3620689655172414 0.017241379310344827 0.603448275862069 0.017241379310344827 
0.8082236842105263 0.002302631578947368 0.1819078947368421 0.007565789473684211 
0.07894736842105263 0.02631578947368421 0.868421052631579 0.02631578947368421 
0.4338235294117647 0.007352941176470588 0.5514705882352942 0.007352941176470588 
0.3888888888888889 0.05555555555555555 0.5 0.05555555555555555 
0.1 0.1 0.7 0.1 
0.890625 0.004614637305699482 0.08816386010362694 0.016596502590673575 
0.6707317073170732 0.012195121951219513 0.2804878048780488 0.036585365853658534 
0.8677062374245473 0.017605633802816902 0.10915492957746478 0.005533199195171026 
0.4583333333333333 0.041666666666666664 0.375 0.125 
0.6466666666666666 0.02 0.32666666666666666 0.006666666666666667 
0.25 0.25 0.25 0.25 
0.25 0.25 0.25 0.25 
0.25 0.25 0.25 0.25 
0.25 0.25 0.25 0.25 
0.25 0.25 0.25 0.25 
0.8889479277364506 5.313496280552603E-4 0.10255047821466524 0.007970244420828906 
0.7045454545454546 0.022727272727272728 0.25 0.022727272727272728 
0.7194092827004219 0.002109704641350211 0.2679324894514768 0.010548523206751054 
0.4375 0.0625 0.4375 0.0625 
0.33695652173913043 0.010869565217391304 0.6413043478260869 0.010869565217391304 
0.5988296488946684 0.011053315994798439 0.38686605981794536 0.003250975292587776 
0.9464285714285714 0.017857142857142856 0.017857142857142856 0.017857142857142856 
0.34375 0.03125 0.59375 0.03125 
0.15 0.15 0.65 0.05 
0.18478260869565216 0.010869565217391304 0.7934782608695652 0.010869565217391304 
0.874271137026239 0.015913508260447035 0.09851797862001943 0.01129737609329446 
0.8802816901408451 0.007042253521126761 0.1056338028169014 0.007042253521126761 
0.8158974358974359 0.03230769230769231 0.14923076923076922 0.002564102564102564 
0.5 0.07142857142857142 0.35714285714285715 0.07142857142857142 
0.3448979591836735 0.01020408163265306 0.6387755102040816 0.006122448979591836 
0.25 0.25 0.25 0.25 
0.25 0.25 0.25 0.25 
0.25 0.25 0.25 0.25 
0.25 0.25 0.25 0.25 
0.25 0.25 0.25 0.25 
0.8635802469135803 0.015432098765432098 0.10432098765432099 0.016666666666666666 
0.8211009174311926 0.0045871559633027525 0.16972477064220184 0.0045871559633027525 
0.6904761904761905 0.0010351966873706005 0.30124223602484473 0.007246376811594203 
0.35714285714285715 0.07142857142857142 0.5 0.07142857142857142 
0.1474820143884892 0.0035971223021582736 0.8453237410071942 0.0035971223021582736 
0.2226775956284153 0.031420765027322405 0.7418032786885246 0.004098360655737705 
0.25 0.25 0.25 0.25 
0.925 0.025 0.025 0.025 
0.16666666666666666 0.16666666666666666 0.5 0.16666666666666666 
0.25 0.25 0.25 0.25 
0.8390688259109311 0.043297345928924875 0.1134727845254161 0.0041610436347278455 
0.6377245508982036 0.008982035928143712 0.3502994011976048 0.0029940119760479044 
0.7764119601328904 0.07009966777408638 0.1504983388704319 0.002990033222591362 
0.4230769230769231 0.11538461538461539 0.4230769230769231 0.038461538461538464 
0.4763157894736842 0.007894736842105263 0.5131578947368421 0.002631578947368421 
0.25 0.25 0.25 0.25 
0.25 0.25 0.25 0.25 
0.25 0.25 0.25 0.25 
0.25 0.25 0.25 0.25 
0.25 0.25 0.25 0.25 
0.7336647727272727 0.002130681818181818 0.2549715909090909 0.009232954545454546 
0.44565217391304346 0.010869565217391304 0.532608695652174 0.010869565217391304 
0.7789256198347108 0.002066115702479339 0.21694214876033058 0.002066115702479339 
0.375 0.125 0.375 0.125 
0.4152542372881356 0.00847457627118644 0.5677966101694916 0.00847457627118644 
0.11046511627906977 0.05232558139534884 0.8313953488372093 0.005813953488372093 
0.25 0.25 0.25 0.25 
0.045454545454545456 0.045454545454545456 0.8636363636363636 0.045454545454545456 
0.25 0.25 0.25 0.25 
0.25 0.25 0.25 0.25 
0.7356857523302264 0.11278295605858855 0.15006657789613848 0.0014647137150466045 
0.7541436464088398 0.008287292817679558 0.23480662983425415 0.0027624309392265192 
0.5802427511800404 0.1432906271072151 0.2720836142953473 0.004383007417397168 
0.3181818181818182 0.045454545454545456 0.5909090909090909 0.045454545454545456 
0.1373873873873874 0.038288288288288286 0.8220720720720721 0.0022522522522522522 
0.25 0.25 0.25 0.25 
0.25 0.25 0.25 0.25 
0.5 0.16666666666666666 0.16666666666666666 0.16666666666666666 
0.25 0.25 0.25 0.25 
0.25 0.25 0.25 0.25 
</TABLE>
</DEFINITION>
<DEFINITION>
<FOR>TotalOfSpecialRequests</FOR>
<TABLE>
0.5581584005191823 0.2946983500985947 0.12049771609714699 0.02272670543893368 0.003556897885829818 3.619299603125078E-4 
</TABLE>
</DEFINITION>
<DEFINITION>
<FOR>WasInWaitingList</FOR>
	<GIVEN>CustomerType</GIVEN>
	<GIVEN>Meal</GIVEN>
	<GIVEN>Staying</GIVEN>
<TABLE>
0.9997396995388963 2.6030046110367395E-4 
0.9997104135294799 2.895864705200973E-4 
0.9997226844148641 2.7731558513588466E-4 
0.9941860465116279 0.005813953488372093 
0.9980842911877394 0.0019157088122605363 
0.9979674796747967 0.0020325203252032522 
0.9857142857142858 0.014285714285714285 
0.5 0.5 
0.9984157160963245 0.0015842839036755386 
0.9987914364640884 0.0012085635359116022 
0.9993368700265252 6.63129973474801E-4 
0.9918032786885246 0.00819672131147541 
0.9642857142857143 0.03571428571428571 
0.9615384615384616 0.038461538461538464 
0.9444444444444444 0.05555555555555555 
0.8333333333333334 0.16666666666666666 
0.9901960784313726 0.00980392156862745 
0.9918032786885246 0.00819672131147541 
0.9680851063829787 0.031914893617021274 
0.9285714285714286 0.07142857142857142 
0.9567901234567902 0.043209876543209874 
0.9991869918699187 8.130081300813008E-4 
0.9966367713004485 0.0033632286995515697 
0.9583333333333334 0.041666666666666664 
0.5 0.5 
0.9 0.1 
0.75 0.25 
0.5 0.5 
0.9642857142857143 0.03571428571428571 
0.9985754985754985 0.0014245014245014246 
0.9978448275862069 0.0021551724137931034 
0.9375 0.0625 
0.5 0.5 
0.75 0.25 
0.9 0.1 
0.5 0.5 
0.5 0.5 
0.9375 0.0625 
0.9444444444444444 0.05555555555555555 
0.5 0.5 
0.9969818913480886 0.0030181086519114686 
0.9812367864693446 0.018763213530655392 
0.9861111111111112 0.013888888888888888 
0.9642857142857143 0.03571428571428571 
0.9968152866242038 0.0031847133757961785 
0.9897959183673469 0.01020408163265306 
0.9166666666666666 0.08333333333333333 
0.5 0.5 
0.9721698113207548 0.027830188679245284 
0.919391206313416 0.080608793686584 
0.9809160305343512 0.019083969465648856 
0.9224137931034483 0.07758620689655173 
0.9583333333333334 0.041666666666666664 
0.7608695652173914 0.2391304347826087 
0.85 0.15 
0.875 0.125 
0.9874791318864775 0.012520868113522538 
0.5166666666666667 0.48333333333333334 
0.925 0.075 
0.5 0.5 
0.9972826086956522 0.002717391304347826 
0.9732142857142857 0.026785714285714284 
0.9666666666666667 0.03333333333333333 
0.5 0.5 
0.75 0.25 
0.5 0.5 
0.5 0.5 
0.5 0.5 
0.9545454545454546 0.045454545454545456 
0.9666666666666667 0.03333333333333333 
0.9 0.1 
0.5 0.5 
0.75 0.25 
0.5 0.5 
0.5 0.5 
0.5 0.5 
0.75 0.25 
0.5 0.5 
0.75 0.25 
0.5 0.5 
</TABLE>
</DEFINITION>
<DEFINITION>
<FOR>Season</FOR>
	<GIVEN>Staying</GIVEN>
	<GIVEN>LeadTime</GIVEN>
	<GIVEN>CustomerType</GIVEN>
<TABLE>
0.3256578947368421 0.29714912280701755 0.12609649122807018 0.25109649122807015 
0.5769230769230769 0.038461538461538464 0.11538461538461539 0.2692307692307692 
0.24031476997578693 0.2148910411622276 0.04297820823244552 0.5018159806295399 
0.5 0.16666666666666666 0.16666666666666666 0.16666666666666666 
0.375 0.125 0.125 0.375 
0.25 0.25 0.25 0.25 
0.0043859649122807015 0.5921052631578947 0.0043859649122807015 0.3991228070175439 
0.25 0.25 0.25 0.25 
0.1971595137682957 0.2372240138923344 0.3422847928553709 0.223331679483999 
0.5 0.3 0.1 0.1 
0.10847628657921292 0.24369323915237134 0.40514631685166497 0.24268415741675076 
0.17279411764705882 0.20220588235294118 0.3713235294117647 0.2536764705882353 
0.25700664547818547 0.23967061542906673 0.27000866801502454 0.2333140710777232 
0.40384615384615385 0.3269230769230769 0.17307692307692307 0.09615384615384616 
0.13161057692307693 0.4260817307692308 0.2566105769230769 0.1856971153846154 
0.12162162162162163 0.0945945945945946 0.22972972972972974 0.5540540540540541 
0.2937987857762359 0.20620121422376408 0.22701647875108413 0.2729835212489159 
0.1125 0.6125 0.0375 0.2375 
0.08803986710963455 0.2884828349944629 0.41362126245847175 0.20985603543743078 
0.175 0.375 0.275 0.175 
0.308974358974359 0.24914529914529915 0.14145299145299145 0.3004273504273504 
0.2777777777777778 0.2777777777777778 0.05555555555555555 0.3888888888888889 
0.10015290519877676 0.13073394495412843 0.2897553516819572 0.4793577981651376 
0.35 0.05 0.45 0.15 
0.5796758946657664 0.07933828494260635 0.0462525320729237 0.2947332883187036 
0.5035335689045937 0.1501766784452297 0.0088339222614841 0.3374558303886926 
0.28336653386454186 0.34213147410358563 0.053286852589641436 0.32121513944223107 
0.2916666666666667 0.2916666666666667 0.125 0.2916666666666667 
0.15 0.15 0.05 0.65 
0.7916666666666666 0.041666666666666664 0.041666666666666664 0.125 
0.1813186813186813 0.7967032967032966 0.005494505494505495 0.016483516483516484 
0.25 0.25 0.25 0.25 
0.42706935123042505 0.13579418344519015 0.17248322147651007 0.2646532438478747 
0.26 0.1 0.26 0.38 
0.07733812949640288 0.23201438848920863 0.5557553956834532 0.13489208633093525 
0.3 0.36666666666666664 0.23333333333333334 0.1 
0.40100524475524474 0.1903409090909091 0.1881555944055944 0.22049825174825174 
0.4154929577464789 0.11971830985915492 0.13380281690140844 0.33098591549295775 
0.13896848137535817 0.25358166189111747 0.3137535816618911 0.29369627507163326 
0.40476190476190477 0.07142857142857142 0.35714285714285715 0.16666666666666666 
0.40114908662345317 0.2025633470830878 0.113877430760165 0.282410135533294 
0.2827102803738318 0.2780373831775701 0.04906542056074766 0.3901869158878505 
0.18008048289738432 0.23440643863179075 0.2283702213279678 0.35714285714285715 
0.29545454545454547 0.4772727272727273 0.022727272727272728 0.20454545454545456 
0.49241245136186773 0.1293774319066148 0.1009727626459144 0.2772373540856031 
0.48172323759791125 0.10052219321148825 0.01174934725848564 0.40600522193211486 
0.2376425855513308 0.20975918884664133 0.2249683143219265 0.3276299112801014 
0.3888888888888889 0.16666666666666666 0.16666666666666666 0.2777777777777778 
0.6336898395721925 0.09714795008912656 0.040106951871657755 0.22905525846702318 
0.6273584905660378 0.0770440251572327 0.0047169811320754715 0.2908805031446541 
0.28125 0.32589285714285715 0.12053571428571429 0.27232142857142855 
0.7222222222222222 0.16666666666666666 0.05555555555555555 0.05555555555555555 
0.75 0.08333333333333333 0.08333333333333333 0.08333333333333333 
0.875 0.05357142857142857 0.017857142857142856 0.05357142857142857 
0.125 0.625 0.125 0.125 
0.25 0.25 0.25 0.25 
0.5180878552971576 0.11498708010335917 0.1847545219638243 0.1821705426356589 
0.5 0.1 0.03333333333333333 0.36666666666666664 
0.19642857142857142 0.05357142857142857 0.19642857142857142 0.5535714285714286 
0.3 0.1 0.5 0.1 
0.41640866873065013 0.15015479876160992 0.21826625386996903 0.21517027863777088 
0.53125 0.15625 0.09375 0.21875 
0.10714285714285714 0.4785714285714286 0.09285714285714286 0.32142857142857145 
0.6875 0.1875 0.0625 0.0625 
0.5107260726072608 0.17574257425742573 0.13613861386138615 0.1773927392739274 
0.3125 0.3125 0.04861111111111111 0.3263888888888889 
0.19523809523809524 0.5095238095238095 0.07142857142857142 0.22380952380952382 
0.16666666666666666 0.16666666666666666 0.16666666666666666 0.5 
0.5045336787564767 0.1172279792746114 0.08484455958549222 0.2933937823834197 
0.625 0.04563492063492063 0.017857142857142856 0.3115079365079365 
0.35046728971962615 0.10747663551401869 0.21962616822429906 0.32242990654205606 
0.625 0.125 0.125 0.125 
0.390625 0.078125 0.359375 0.171875 
0.4166666666666667 0.08333333333333333 0.08333333333333333 0.4166666666666667 
0.2777777777777778 0.05555555555555555 0.5 0.16666666666666666 
0.25 0.25 0.25 0.25 
0.16666666666666666 0.16666666666666666 0.5 0.16666666666666666 
0.25 0.25 0.25 0.25 
0.25 0.25 0.25 0.25 
0.25 0.25 0.25 0.25 
0.2708333333333333 0.3541666666666667 0.2708333333333333 0.10416666666666667 
0.25 0.25 0.25 0.25 
0.16666666666666666 0.16666666666666666 0.5 0.16666666666666666 
0.25 0.25 0.25 0.25 
0.20588235294117646 0.4411764705882353 0.20588235294117646 0.14705882352941177 
0.25 0.25 0.25 0.25 
0.03125 0.78125 0.15625 0.03125 
0.25 0.25 0.25 0.25 
0.10465116279069768 0.19767441860465115 0.6627906976744186 0.03488372093023256 
0.1 0.1 0.3 0.5 
0.015625 0.015625 0.953125 0.015625 
0.25 0.25 0.25 0.25 
0.14130434782608695 0.18478260869565216 0.6413043478260869 0.03260869565217391 
0.2692307692307692 0.34615384615384615 0.2692307692307692 0.11538461538461539 
0.021739130434782608 0.021739130434782608 0.9347826086956522 0.021739130434782608 
0.25 0.25 0.25 0.25 
</TABLE>
</DEFINITION>
<DEFINITION>
<FOR>ADR</FOR>
	<GIVEN>Season</GIVEN>
	<GIVEN>DistributionChannel</GIVEN>
	<GIVEN>CustomerType</GIVEN>
<TABLE>
0.0909520434679896 0.8180959130640207 0.0909520434679896 
0.3333333333333333 0.3333333333333333 0.3333333333333333 
0.45310015898251194 0.519872813990461 0.02702702702702703 
0.22580645161290322 0.6774193548387096 0.0967741935483871 
0.7265973254086181 0.27191679049034173 0.0014858841010401188 
0.3333333333333333 0.3333333333333333 0.3333333333333333 
0.6339869281045751 0.3464052287581699 0.0196078431372549 
0.42857142857142855 0.42857142857142855 0.14285714285714285 
0.1985988615750297 0.7271533120660537 0.07424782635891662 
0.4136955291454443 0.5857385398981324 5.659309564233164E-4 
0.3881328252585738 0.583015786608601 0.02885138813282526 
0.23478260869565218 0.7217391304347827 0.043478260869565216 
0.6 0.2 0.2 
0.3333333333333333 0.3333333333333333 0.3333333333333333 
0.3333333333333333 0.3333333333333333 0.3333333333333333 
0.3333333333333333 0.3333333333333333 0.3333333333333333 
0.9452390682468329 0.05435226808336739 4.086636697997548E-4 
0.9259259259259259 0.037037037037037035 0.037037037037037035 
0.9859894921190894 0.012259194395796848 0.0017513134851138354 
0.8974358974358975 0.07692307692307693 0.02564102564102564 
0.995846313603323 0.003115264797507788 0.0010384215991692627 
0.9649122807017544 0.017543859649122806 0.017543859649122806 
0.9987631416202845 6.184291898577613E-4 6.184291898577613E-4 
0.7777777777777778 0.1111111111111111 0.1111111111111111 
0.9663604914708338 0.0335202194918287 1.1928903733746869E-4 
0.9906759906759907 0.006993006993006993 0.002331002331002331 
0.9880788629069235 0.011462631820265932 4.585052728106373E-4 
0.9746835443037974 0.012658227848101266 0.012658227848101266 
0.3333333333333333 0.3333333333333333 0.3333333333333333 
0.3333333333333333 0.3333333333333333 0.3333333333333333 
0.3333333333333333 0.3333333333333333 0.3333333333333333 
0.3333333333333333 0.3333333333333333 0.3333333333333333 
0.9032771237671015 0.09513203945275214 0.001590836780146357 
0.3333333333333333 0.3333333333333333 0.3333333333333333 
0.8524762908324552 0.1422550052687039 0.005268703898840885 
0.7551020408163265 0.22448979591836735 0.02040816326530612 
0.998025666337611 9.871668311944718E-4 9.871668311944718E-4 
0.3333333333333333 0.3333333333333333 0.3333333333333333 
0.9968798751950078 0.0015600624024961 0.0015600624024961 
0.7142857142857143 0.14285714285714285 0.14285714285714285 
0.9901880621422731 0.009695129073706343 1.1680878402055835E-4 
0.9809523809523809 0.009523809523809525 0.009523809523809525 
0.997364953886693 0.0021958717610891525 4.391743522178305E-4 
0.9826086956521739 0.008695652173913044 0.008695652173913044 
0.3333333333333333 0.3333333333333333 0.3333333333333333 
0.3333333333333333 0.3333333333333333 0.3333333333333333 
0.3333333333333333 0.3333333333333333 0.3333333333333333 
0.3333333333333333 0.3333333333333333 0.3333333333333333 
0.7749172489885987 0.22030158146377343 0.004781169547627804 
0.6 0.2 0.2 
0.9668508287292817 0.032044198895027624 0.0011049723756906078 
0.76 0.2 0.04 
0.9928507596067918 0.006255585344057194 8.936550491510277E-4 
0.3333333333333333 0.3333333333333333 0.3333333333333333 
0.9069767441860465 0.08970099667774087 0.0033222591362126247 
0.8823529411764706 0.058823529411764705 0.058823529411764705 
0.8701275532958701 0.1297832485951298 8.91981090000892E-5 
0.9898562975486053 0.009298393913778529 8.453085376162299E-4 
0.9612032611751476 0.03851560303626652 2.81135788585887E-4 
0.963963963963964 0.02702702702702703 0.009009009009009009 
0.3333333333333333 0.3333333333333333 0.3333333333333333 
0.3333333333333333 0.3333333333333333 0.3333333333333333 
0.3333333333333333 0.3333333333333333 0.3333333333333333 
0.3333333333333333 0.3333333333333333 0.3333333333333333 
</TABLE>
</DEFINITION>
<DEFINITION>
<FOR>LeadTime</FOR>
	<GIVEN>DistributionChannel</GIVEN>
	<GIVEN>IsCanceled</GIVEN>
	<GIVEN>DepositType</GIVEN>
<TABLE>
0.10302325581395348 5.426356589147286E-4 0.4369767441860465 0.15232558139534882 0.1817829457364341 0.12534883720930232 
0.14835164835164835 0.005494505494505495 0.016483516483516484 0.016483516483516484 0.005494505494505495 0.8076923076923077 
0.3125 0.0625 0.1875 0.3125 0.0625 0.0625 
0.043703007518796994 4.6992481203007516E-4 0.4375 0.20535714285714285 0.19407894736842105 0.11889097744360902 
0.041666666666666664 0.041666666666666664 0.041666666666666664 0.125 0.041666666666666664 0.7083333333333334 
0.07170542635658915 0.001937984496124031 0.029069767441860465 0.1569767441860465 0.622093023255814 0.1182170542635659 
0.09085603112840467 0.025486381322957198 0.5297665369649806 0.216147859922179 0.11614785992217899 0.02159533073929961 
0.16666666666666666 0.16666666666666666 0.16666666666666666 0.16666666666666666 0.16666666666666666 0.16666666666666666 
0.029411764705882353 0.029411764705882353 0.5 0.38235294117647056 0.029411764705882353 0.029411764705882353 
0.056291390728476824 0.0011037527593818985 0.46909492273730685 0.24392935982339956 0.15562913907284767 0.0739514348785872 
0.16666666666666666 0.16666666666666666 0.16666666666666666 0.16666666666666666 0.16666666666666666 0.16666666666666666 
0.002074688796680498 0.002074688796680498 0.12655601659751037 0.7821576763485477 0.06431535269709543 0.022821576763485476 
0.17066930131225616 0.008486598773876477 0.21084764655216093 0.17370927699245073 0.22523686477174848 0.21105031159750723 
0.15714285714285714 0.07142857142857142 0.1 0.6428571428571429 0.014285714285714285 0.014285714285714285 
0.04716981132075472 0.009433962264150943 0.04716981132075472 0.14150943396226415 0.009433962264150943 0.7452830188679245 
0.06641903802568623 0.0013220851170989674 0.377046084109796 0.21524804835054143 0.196864769579451 0.14309997481742634 
0.21875 0.09375 0.21875 0.09375 0.28125 0.09375 
0.16336206896551725 0.005603448275862069 0.10818965517241379 0.20474137931034483 0.25818965517241377 0.25991379310344825 
0.125 0.125 0.125 0.125 0.125 0.375 
0.16666666666666666 0.16666666666666666 0.16666666666666666 0.16666666666666666 0.16666666666666666 0.16666666666666666 
0.16666666666666666 0.16666666666666666 0.16666666666666666 0.16666666666666666 0.16666666666666666 0.16666666666666666 
0.16666666666666666 0.16666666666666666 0.16666666666666666 0.16666666666666666 0.16666666666666666 0.16666666666666666 
0.16666666666666666 0.16666666666666666 0.16666666666666666 0.16666666666666666 0.16666666666666666 0.16666666666666666 
0.16666666666666666 0.16666666666666666 0.16666666666666666 0.16666666666666666 0.16666666666666666 0.16666666666666666 
</TABLE>
</DEFINITION>
<DEFINITION>
<FOR>BookingChanges</FOR>
	<GIVEN>Meal</GIVEN>
	<GIVEN>CustomerType</GIVEN>
<TABLE>
0.9992906469716885 6.258997308631157E-5 6.467630552252195E-4 
0.9991315675206253 4.342162396873643E-4 4.342162396873643E-4 
0.9946126494989764 1.0774701002047193E-4 0.005279603491003124 
0.9960552268244576 0.0019723865877712033 0.0019723865877712033 
0.9981498612395929 9.250693802035153E-4 9.250693802035153E-4 
0.8461538461538461 0.07692307692307693 0.07692307692307693 
0.9857482185273159 0.0023752969121140144 0.011876484560570071 
0.6 0.2 0.2 
0.99886503357609 9.458053532582995E-5 0.0010403858885841295 
0.9983402489626556 8.298755186721991E-4 8.298755186721991E-4 
0.9957815795640965 0.0011717834544176236 0.0030466369814858216 
0.9661016949152542 0.01694915254237288 0.01694915254237288 
0.7808219178082192 0.0684931506849315 0.1506849315068493 
0.8461538461538461 0.07692307692307693 0.07692307692307693 
0.9354838709677419 0.010752688172043012 0.053763440860215055 
0.6 0.2 0.2 
0.9974193548387097 0.0012903225806451613 0.0012903225806451613 
0.9393939393939394 0.030303030303030304 0.030303030303030304 
0.9986970684039088 6.514657980456026E-4 6.514657980456026E-4 
0.7142857142857143 0.14285714285714285 0.14285714285714285 
</TABLE>
</DEFINITION>
<DEFINITION>
<FOR>Adults</FOR>
	<GIVEN>DistributionChannel</GIVEN>
	<GIVEN>ADR</GIVEN>
	<GIVEN>LeadTime</GIVEN>
<TABLE>
0.7351063829787234 0.2648936170212766 
0.875 0.125 
0.6456740442655936 0.35432595573440645 
0.8070512820512821 0.19294871794871796 
0.7893873085339168 0.21061269146608316 
0.8601609657947686 0.1398390342052314 
0.9508547008547008 0.049145299145299144 
0.5 0.5 
0.8665338645418327 0.13346613545816732 
0.9272517321016166 0.07274826789838337 
0.9463373083475298 0.05366269165247019 
0.9616141732283464 0.038385826771653545 
0.9880952380952381 0.011904761904761904 
0.5 0.5 
0.9385964912280702 0.06140350877192982 
0.9852941176470589 0.014705882352941176 
0.9875 0.0125 
0.9883720930232558 0.011627906976744186 
0.814 0.186 
0.8560606060606061 0.14393939393939395 
0.21387096774193548 0.7861290322580645 
0.4165659008464329 0.5834340991535671 
0.5951704545454546 0.40482954545454547 
0.5585106382978723 0.44148936170212766 
0.95 0.05 
0.5 0.5 
0.42063492063492064 0.5793650793650794 
0.4852941176470588 0.5147058823529411 
0.390625 0.609375 
0.5 0.5 
0.5 0.5 
0.5 0.5 
0.5 0.5 
0.5 0.5 
0.75 0.25 
0.5 0.5 
0.8662565905096661 0.13374340949033392 
0.809375 0.190625 
0.7325823551684968 0.2674176448315032 
0.8505761843790013 0.1494238156209987 
0.8927741635687733 0.10722583643122677 
0.9050357873210634 0.09496421267893661 
0.9660068846815835 0.03399311531841653 
0.9074074074074074 0.09259259259259259 
0.9482281284606866 0.0517718715393134 
0.9590876176683563 0.04091238233164374 
0.9654171066525871 0.03458289334741288 
0.9746642246642246 0.025335775335775336 
0.9611111111111111 0.03888888888888889 
0.75 0.25 
0.9876847290640394 0.012315270935960592 
0.987603305785124 0.012396694214876033 
0.978448275862069 0.021551724137931036 
0.9947368421052631 0.005263157894736842 
0.5 0.5 
0.5 0.5 
0.5 0.5 
0.5 0.5 
0.5 0.5 
0.75 0.25 
0.5 0.5 
0.5 0.5 
0.5 0.5 
0.5 0.5 
0.5 0.5 
0.5 0.5 
0.5 0.5 
0.5 0.5 
0.5 0.5 
0.5 0.5 
0.5 0.5 
0.5 0.5 
</TABLE>
</DEFINITION>
<DEFINITION>
<FOR>CancelRate</FOR>
	<GIVEN>IsCanceled</GIVEN>
	<GIVEN>LeadTime</GIVEN>
	<GIVEN>Season</GIVEN>
<TABLE>
0.999748743718593 2.512562814070352E-4 
0.999290780141844 7.092198581560284E-4 
0.9973684210526316 0.002631578947368421 
0.9996443812233285 3.5561877667140827E-4 
0.9910714285714286 0.008928571428571428 
0.9965034965034965 0.0034965034965034965 
0.75 0.25 
0.9875 0.0125 
0.9996397694524496 3.6023054755043225E-4 
0.9983372921615202 0.00166270783847981 
0.9992015330565315 7.984669434685404E-4 
0.9997118155619596 2.8818443804034583E-4 
0.9995833333333334 4.166666666666667E-4 
0.9966241560390098 0.0033758439609902473 
0.9996350364963503 3.64963503649635E-4 
0.9995471014492754 4.528985507246377E-4 
0.9997358689910195 2.641310089804543E-4 
0.9996448863636364 3.551136363636364E-4 
0.9987113402061856 0.001288659793814433 
0.9982806052269602 0.0017193947730398899 
